NPT simulation for symmetry model Guang 06.09.2014
2014-06-09 10:10:19
pair:OW-OW
0.01      0.0       
0.03      0.0       
0.05      0.0       
0.07      0.0       
0.09      0.0       
0.11      0.0       
0.13      0.0       
0.15      0.0       
0.17      0.0       
0.19      0.0       
0.21      0.0       
0.23      0.0       
0.25      0.0       
0.27      0.0       
0.29      0.0       
0.31      0.0       
0.33      0.0       
0.35      0.0       
0.37      0.0       
0.39      0.0       
0.41      0.0       
0.43      0.0       
0.45      0.0       
0.47      0.0       
0.49      0.0       
0.51      0.0       
0.53      0.0       
0.55      0.0       
0.57      0.0       
0.59      0.0       
0.61      0.0       
0.63      0.0       
0.65      0.0       
0.67      0.0       
0.69      0.0       
0.71      0.0       
0.73      0.0       
0.75      0.0       
0.77      0.0       
0.79      0.0       
0.81      0.0       
0.83      0.0       
0.85      0.0       
0.87      0.0       
0.89      0.0       
0.91      0.0       
0.93      0.0       
0.95      0.0       
0.97      0.0       
0.99      0.0       
1.01      0.0       
1.03      0.0       
1.05      0.0       
1.07      0.0       
1.09      0.0       
1.11      0.0       
1.13      0.0       
1.15      0.0       
1.17      0.0       
1.19      0.0       
1.21      0.0       
1.23      0.0       
1.25      0.0       
1.27      0.0       
1.29      0.0       
1.31      0.0       
1.33      0.0       
1.35      0.0       
1.37      0.0       
1.39      0.0       
1.41      0.0       
1.43      0.0       
1.45      0.0       
1.47      0.0       
1.49      0.0       
1.51      0.0       
1.53      0.0       
1.55      0.0       
1.57      0.0       
1.59      0.0       
1.61      0.0       
1.63      0.0       
1.65      0.0       
1.67      0.0       
1.69      0.0       
1.71      0.0       
1.73      0.0       
1.75      0.0       
1.77      0.0       
1.79      0.0       
1.81      0.0       
1.83      0.0       
1.85      0.0       
1.87      0.0       
1.89      0.0       
1.91      0.0       
1.93      0.0       
1.95      0.0       
1.97      0.0       
1.99      0.0       
2.01      0.0       
2.03      0.0       
2.05      0.0       
2.07      0.0       
2.09      0.0       
2.11      0.0       
2.13      0.0       
2.15      0.0       
2.17      0.0       
2.19      0.0       
2.21      0.0       
2.23      0.0       
2.25      0.0       
2.27      0.0       
2.29      0.0       
2.31      0.0       
2.33      0.0       
2.35      0.00017   
2.37      0.00077   
2.39      0.00354   
2.41      0.01288   
2.43      0.0358    
2.45      0.09108   
2.47      0.19688   
2.49      0.37787   
2.51      0.63992   
2.53      1.00301   
2.55      1.42231   
2.57      1.90306   
2.59      2.37831   
2.61      2.79792   
2.63      3.16035   
2.65      3.41413   
2.67      3.57231   
2.69      3.61436   
2.71      3.55658   
2.73      3.42039   
2.75      3.22141   
2.77      2.98279   
2.79      2.75032   
2.81      2.49623   
2.83      2.24839   
2.85      2.00377   
2.87      1.79459   
2.89      1.58705   
2.91      1.4133    
2.93      1.24191   
2.95      1.1117    
2.97      0.99739   
2.99      0.88549   
3.01      0.80345   
3.03      0.72632   
3.05      0.66539   
3.07      0.62391   
3.09      0.57466   
3.11      0.53944   
3.13      0.51148   
3.15      0.48903   
3.17      0.46548   
3.19      0.44801   
3.21      0.43592   
3.23      0.43322   
3.25      0.43426   
3.27      0.42688   
3.29      0.42268   
3.31      0.42921   
3.33      0.42876   
3.35      0.43302   
3.37      0.4417    
3.39      0.44823   
3.41      0.45724   
3.43      0.46598   
3.45      0.48097   
3.47      0.49105   
3.49      0.50732   
3.51      0.52063   
3.53      0.53999   
3.55      0.55993   
3.57      0.57146   
3.59      0.58245   
3.61      0.61122   
3.63      0.6302    
3.65      0.65412   
3.67      0.67941   
3.69      0.69306   
3.71      0.72437   
3.73      0.73532   
3.75      0.77105   
3.77      0.79708   
3.79      0.81599   
3.81      0.84395   
3.83      0.87079   
3.85      0.89686   
3.87      0.92602   
3.89      0.95255   
3.91      0.98641   
3.93      1.00521   
3.95      1.03622   
3.97      1.05764   
3.99      1.08894   
4.01      1.11201   
4.03      1.14089   
4.05      1.16389   
4.07      1.19032   
4.09      1.21273   
4.11      1.2308    
4.13      1.27011   
4.15      1.28207   
4.17      1.29567   
4.19      1.31936   
4.21      1.33229   
4.23      1.34842   
4.25      1.36429   
4.27      1.38035   
4.29      1.38659   
4.31      1.39911   
4.33      1.40664   
4.35      1.40546   
4.37      1.40911   
4.39      1.41932   
4.41      1.417     
4.43      1.41445   
4.45      1.40442   
4.47      1.41076   
4.49      1.39576   
4.51      1.39177   
4.53      1.38045   
4.55      1.36791   
4.57      1.35949   
4.59      1.35228   
4.61      1.33559   
4.63      1.32189   
4.65      1.31101   
4.67      1.29194   
4.69      1.28277   
4.71      1.25752   
4.73      1.24292   
4.75      1.21781   
4.77      1.20067   
4.79      1.18673   
4.81      1.17111   
4.83      1.15213   
4.85      1.13008   
4.87      1.11556   
4.89      1.0952    
4.91      1.08581   
4.93      1.05845   
4.95      1.04051   
4.97      1.0333    
4.99      1.01767   
5.01      1.00079   
5.03      0.98247   
5.05      0.96804   
5.07      0.95293   
5.09      0.94344   
5.11      0.93155   
5.13      0.92155   
5.15      0.90608   
5.17      0.89663   
5.19      0.88957   
5.21      0.87379   
5.23      0.87205   
5.25      0.86332   
5.27      0.85212   
5.29      0.84893   
5.31      0.83592   
5.33      0.83883   
5.35      0.82964   
5.37      0.82667   
5.39      0.82339   
5.41      0.81581   
5.43      0.81447   
5.45      0.81222   
5.47      0.80842   
5.49      0.81224   
5.51      0.81575   
5.53      0.80899   
5.55      0.80625   
5.57      0.81144   
5.59      0.81034   
5.61      0.81339   
5.63      0.81568   
5.65      0.81384   
5.67      0.81638   
5.69      0.82116   
5.71      0.81779   
5.73      0.82646   
5.75      0.83136   
5.77      0.83675   
5.79      0.83864   
5.81      0.84549   
5.83      0.84688   
5.85      0.85727   
5.87      0.85975   
5.89      0.86304   
5.91      0.87264   
5.93      0.8779    
5.95      0.89593   
5.97      0.89974   
5.99      0.90629   
6.01      0.91069   
6.03      0.91712   
6.05      0.92778   
6.07      0.93394   
6.09      0.94326   
6.11      0.95039   
6.13      0.95588   
6.15      0.96534   
6.17      0.97405   
6.19      0.98387   
6.21      0.98958   
6.23      0.99948   
6.25      1.00514   
6.27      1.01652   
6.29      1.02221   
6.31      1.02837   
6.33      1.03491   
6.35      1.04328   
6.37      1.04832   
6.39      1.0536    
6.41      1.06301   
6.43      1.05823   
6.45      1.07279   
6.47      1.0703    
6.49      1.07547   
6.51      1.07833   
6.53      1.08027   
6.55      1.08264   
6.57      1.08515   
6.59      1.08251   
6.61      1.08191   
6.63      1.08548   
6.65      1.08729   
6.67      1.08642   
6.69      1.08858   
6.71      1.0832    
6.73      1.08151   
6.75      1.08215   
6.77      1.08154   
6.79      1.07498   
6.81      1.07227   
6.83      1.06589   
6.85      1.06495   
6.87      1.05727   
6.89      1.0563    
6.91      1.04836   
6.93      1.04665   
6.95      1.04063   
6.97      1.04075   
6.99      1.03474   
7.01      1.02503   
7.03      1.02385   
7.05      1.02241   
7.07      1.01973   
7.09      1.00989   
7.11      1.00779   
7.13      1.00321   
7.15      0.99912   
7.17      0.99642   
7.19      0.9927    
7.21      0.99112   
7.23      0.98788   
7.25      0.98461   
7.27      0.98396   
7.29      0.98215   
7.31      0.97583   
7.33      0.97315   
7.35      0.9756    
7.37      0.97304   
7.39      0.97218   
7.41      0.97144   
7.43      0.9712    
7.45      0.97096   
7.47      0.96984   
7.49      0.96956   
7.51      0.97121   
7.53      0.9669    
7.55      0.96852   
7.57      0.9747    
7.59      0.97393   
7.61      0.96907   
7.63      0.97298   
7.65      0.97385   
7.67      0.97999   
7.69      0.98134   
7.71      0.97779   
7.73      0.98392   
7.75      0.98443   
7.77      0.98624   
7.79      0.98678   
7.81      0.98852   
7.83      0.99163   
7.85      0.99474   
7.87      0.99467   
7.89      0.99545   
7.91      0.9966    
7.93      1.00083   
7.95      1.00175   
7.97      1.00613   
7.99      1.00515   
8.01      1.0069    
8.03      1.0115    
8.05      1.01192   
8.07      1.01546   
8.09      1.01564   
8.11      1.01805   
8.13      1.01832   
8.15      1.01641   
8.17      1.02187   
8.19      1.02193   
8.21      1.0212    
8.23      1.0232    
8.25      1.02789   
8.27      1.02627   
8.29      1.02586   
8.31      1.0316    
8.33      1.02911   
8.35      1.03186   
8.37      1.03098   
8.39      1.03443   
8.41      1.02752   
8.43      1.03136   
8.45      1.03262   
8.47      1.02975   
8.49      1.03166   
8.51      1.02943   
8.53      1.03276   
8.55      1.03052   
8.57      1.03211   
8.59      1.02971   
8.61      1.02627   
8.63      1.02653   
8.65      1.02373   
8.67      1.02632   
8.69      1.02465   
8.71      1.02345   
8.73      1.0225    
8.75      1.01999   
8.77      1.01737   
8.79      1.01592   
8.81      1.01647   
8.83      1.01713   
8.85      1.01216   
8.87      1.01038   
8.89      1.00979   
8.91      1.00712   
8.93      1.00829   
8.95      1.00292   
8.97      1.00389   
8.99      1.00062   
9.01      1.00169   
9.03      0.99775   
9.05      0.99392   
9.07      0.99004   
9.09      0.99509   
9.11      0.98928   
9.13      0.98766   
9.15      0.98586   
9.17      0.98736   
9.19      0.98461   
9.21      0.98436   
9.23      0.98205   
9.25      0.98066   
9.27      0.97876   
9.29      0.97897   
9.31      0.97719   
9.33      0.97877   
9.35      0.97656   
9.37      0.97663   
9.39      0.97458   
9.41      0.97582   
9.43      0.97434   
9.45      0.97727   
9.47      0.9726    
9.49      0.9731    
9.51      0.97369   
9.53      0.97642   
9.55      0.97296   
9.57      0.9736    
9.59      0.97425   
9.61      0.97364   
9.63      0.97625   
9.65      0.97521   
9.67      0.97903   
9.69      0.97714   
9.71      0.97549   
9.73      0.97814   
9.75      0.98321   
9.77      0.98057   
9.79      0.98312   
9.81      0.98088   
9.83      0.9815    
9.85      0.98376   
9.87      0.98292   
9.89      0.98334   
9.91      0.9881    
9.93      0.98532   
9.95      0.98819   
9.97      0.99055   
9.99      0.99196   

pair:OEW-OEW
0.01      0.0       
0.03      0.0       
0.05      0.0       
0.07      0.0       
0.09      0.0       
0.11      0.0       
0.13      0.0       
0.15      0.0       
0.17      0.0       
0.19      0.0       
0.21      0.0       
0.23      0.0       
0.25      0.0       
0.27      0.0       
0.29      0.0       
0.31      0.0       
0.33      0.0       
0.35      0.0       
0.37      0.0       
0.39      0.0       
0.41      0.0       
0.43      0.0       
0.45      0.0       
0.47      0.0       
0.49      0.0       
0.51      0.0       
0.53      0.0       
0.55      0.0       
0.57      0.0       
0.59      0.0       
0.61      0.0       
0.63      0.0       
0.65      0.0       
0.67      0.0       
0.69      0.0       
0.71      0.0       
0.73      0.0       
0.75      0.0       
0.77      0.0       
0.79      0.0       
0.81      0.0       
0.83      0.0       
0.85      0.0       
0.87      0.0       
0.89      0.0       
0.91      0.0       
0.93      0.0       
0.95      0.0       
0.97      0.0       
0.99      0.0       
1.01      0.0       
1.03      0.0       
1.05      0.0       
1.07      0.0       
1.09      0.0       
1.11      0.0       
1.13      0.0       
1.15      0.0       
1.17      0.0       
1.19      0.0       
1.21      0.0       
1.23      0.0       
1.25      0.0       
1.27      0.0       
1.29      0.0       
1.31      0.0       
1.33      0.0       
1.35      0.0       
1.37      0.0       
1.39      0.0       
1.41      0.0       
1.43      0.0       
1.45      0.0       
1.47      3e-05     
1.49      3e-05     
1.51      5e-05     
1.53      0.0       
1.55      0.00012   
1.57      0.00015   
1.59      0.00026   
1.61      0.00037   
1.63      0.00045   
1.65      0.0006    
1.67      0.00082   
1.69      0.00126   
1.71      0.00189   
1.73      0.00229   
1.75      0.00256   
1.77      0.0041    
1.79      0.0054    
1.81      0.00731   
1.83      0.00962   
1.85      0.01309   
1.87      0.01874   
1.89      0.02637   
1.91      0.03529   
1.93      0.04882   
1.95      0.06803   
1.97      0.09057   
1.99      0.13265   
2.01      0.18071   
2.03      0.25059   
2.05      0.33128   
2.07      0.42977   
2.09      0.55039   
2.11      0.68829   
2.13      0.84013   
2.15      0.99894   
2.17      1.16315   
2.19      1.31771   
2.21      1.46093   
2.23      1.57632   
2.25      1.69182   
2.27      1.75699   
2.29      1.8004    
2.31      1.82211   
2.33      1.82418   
2.35      1.79199   
2.37      1.74128   
2.39      1.67281   
2.41      1.60812   
2.43      1.51957   
2.45      1.43612   
2.47      1.34428   
2.49      1.26152   
2.51      1.17544   
2.53      1.08798   
2.55      1.02442   
2.57      0.9546    
2.59      0.8844    
2.61      0.83116   
2.63      0.77879   
2.65      0.7366    
2.67      0.70314   
2.69      0.66574   
2.71      0.64154   
2.73      0.6212    
2.75      0.60664   
2.77      0.58967   
2.79      0.58554   
2.81      0.57954   
2.83      0.57864   
2.85      0.57928   
2.87      0.58229   
2.89      0.59602   
2.91      0.60544   
2.93      0.61771   
2.95      0.63359   
2.97      0.64875   
2.99      0.66528   
3.01      0.68921   
3.03      0.70578   
3.05      0.7252    
3.07      0.75162   
3.09      0.77812   
3.11      0.79889   
3.13      0.82902   
3.15      0.85215   
3.17      0.87685   
3.19      0.90204   
3.21      0.93289   
3.23      0.9538    
3.25      0.9859    
3.27      1.01136   
3.29      1.04392   
3.31      1.06514   
3.33      1.09094   
3.35      1.11677   
3.37      1.13877   
3.39      1.15809   
3.41      1.17755   
3.43      1.19121   
3.45      1.19573   
3.47      1.20217   
3.49      1.20002   
3.51      1.1965    
3.53      1.189     
3.55      1.17263   
3.57      1.15793   
3.59      1.1449    
3.61      1.11852   
3.63      1.1013    
3.65      1.0851    
3.67      1.06998   
3.69      1.05258   
3.71      1.03578   
3.73      1.02462   
3.75      1.01554   
3.77      1.00593   
3.79      1.00198   
3.81      0.99305   
3.83      0.9864    
3.85      0.98844   
3.87      0.9878    
3.89      0.98937   
3.91      0.98917   
3.93      0.99051   
3.95      0.99169   
3.97      1.00015   
3.99      1.00739   
4.01      1.00804   
4.03      1.01343   
4.05      1.02389   
4.07      1.03024   
4.09      1.03524   
4.11      1.03713   
4.13      1.04333   
4.15      1.05082   
4.17      1.05659   
4.19      1.06022   
4.21      1.06843   
4.23      1.07256   
4.25      1.07734   
4.27      1.08001   
4.29      1.08542   
4.31      1.08864   
4.33      1.09004   
4.35      1.0957    
4.37      1.09234   
4.39      1.09647   
4.41      1.09859   
4.43      1.09843   
4.45      1.09821   
4.47      1.09949   
4.49      1.09258   
4.51      1.09651   
4.53      1.09382   
4.55      1.09235   
4.57      1.0875    
4.59      1.08345   
4.61      1.08298   
4.63      1.07793   
4.65      1.07456   
4.67      1.06884   
4.69      1.0658    
4.71      1.06527   
4.73      1.05955   
4.75      1.05627   
4.77      1.05356   
4.79      1.05043   
4.81      1.04519   
4.83      1.04368   
4.85      1.04315   
4.87      1.03619   
4.89      1.03308   
4.91      1.03035   
4.93      1.02687   
4.95      1.02478   
4.97      1.02672   
4.99      1.01949   
5.01      1.01891   
5.03      1.0137    
5.05      1.01568   
5.07      1.01204   
5.09      1.01      
5.11      1.01027   
5.13      1.00601   
5.15      1.00318   
5.17      1.00534   
5.19      1.00335   
5.21      1.00256   
5.23      0.99965   
5.25      0.99754   
5.27      0.99569   
5.29      0.99564   
5.31      0.9959    
5.33      0.99348   
5.35      0.99166   
5.37      0.9924    
5.39      0.99022   
5.41      0.98864   
5.43      0.98597   
5.45      0.98526   
5.47      0.98114   
5.49      0.98206   
5.51      0.98132   
5.53      0.97881   
5.55      0.9765    
5.57      0.97601   
5.59      0.97597   
5.61      0.97329   
5.63      0.9707    
5.65      0.9665    
5.67      0.96638   
5.69      0.96577   
5.71      0.96249   
5.73      0.96095   
5.75      0.96042   
5.77      0.95611   
5.79      0.95478   
5.81      0.95531   
5.83      0.95274   
5.85      0.95317   
5.87      0.94838   
5.89      0.9493    
5.91      0.94746   
5.93      0.94801   
5.95      0.9494    
5.97      0.94977   
5.99      0.94821   
6.01      0.94752   
6.03      0.94763   
6.05      0.94659   
6.07      0.94703   
6.09      0.9494    
6.11      0.95052   
6.13      0.95117   
6.15      0.95085   
6.17      0.9536    
6.19      0.95487   
6.21      0.95514   
6.23      0.95842   
6.25      0.96055   
6.27      0.9603    
6.29      0.96216   
6.31      0.96221   
6.33      0.96497   
6.35      0.96718   
6.37      0.96659   
6.39      0.97019   
6.41      0.97482   
6.43      0.97555   
6.45      0.97748   
6.47      0.97861   
6.49      0.97986   
6.51      0.98216   
6.53      0.98252   
6.55      0.98353   
6.57      0.98487   
6.59      0.98874   
6.61      0.98813   
6.63      0.99021   
6.65      0.99062   
6.67      0.99155   
6.69      0.99344   
6.71      0.99566   
6.73      0.99522   
6.75      0.9959    
6.77      0.99999   
6.79      0.99934   
6.81      1.00007   
6.83      1.00255   
6.85      1.00112   
6.87      1.00445   
6.89      1.00629   
6.91      1.00658   
6.93      1.00726   
6.95      1.00954   
6.97      1.00965   
6.99      1.01016   
7.01      1.0081    
7.03      1.00987   
7.05      1.01045   
7.07      1.01199   
7.09      1.01449   
7.11      1.01372   
7.13      1.01331   
7.15      1.01616   
7.17      1.01809   
7.19      1.01716   
7.21      1.01733   
7.23      1.01806   
7.25      1.01966   
7.27      1.01892   
7.29      1.01831   
7.31      1.02148   
7.33      1.01938   
7.35      1.01987   
7.37      1.02154   
7.39      1.02091   
7.41      1.01984   
7.43      1.02069   
7.45      1.0222    
7.47      1.02051   
7.49      1.02179   
7.51      1.02068   
7.53      1.02066   
7.55      1.02038   
7.57      1.02166   
7.59      1.01932   
7.61      1.02048   
7.63      1.01855   
7.65      1.0195    
7.67      1.01765   
7.69      1.01708   
7.71      1.01747   
7.73      1.0156    
7.75      1.01578   
7.77      1.0132    
7.79      1.01416   
7.81      1.01347   
7.83      1.01316   
7.85      1.01193   
7.87      1.01043   
7.89      1.01034   
7.91      1.00944   
7.93      1.00763   
7.95      1.00888   
7.97      1.00937   
7.99      1.0068    
8.01      1.00778   
8.03      1.00675   
8.05      1.0071    
8.07      1.00511   
8.09      1.00485   
8.11      1.00397   
8.13      1.00466   
8.15      1.00545   
8.17      1.00446   
8.19      1.00525   
8.21      1.00204   
8.23      1.00187   
8.25      1.00213   
8.27      1.00202   
8.29      1.00275   
8.31      1.00214   
8.33      1.00176   
8.35      1.00161   
8.37      1.00119   
8.39      1.00215   
8.41      1.00066   
8.43      1.0005    
8.45      1.00208   
8.47      1.00086   
8.49      1.00128   
8.51      1.00194   
8.53      1.00066   
8.55      0.99868   
8.57      1.00104   
8.59      0.99944   
8.61      0.99998   
8.63      1.00095   
8.65      1.00046   
8.67      0.99911   
8.69      0.99959   
8.71      0.99952   
8.73      0.99828   
8.75      0.99896   
8.77      0.99854   
8.79      1.00112   
8.81      1.00001   
8.83      0.99904   
8.85      0.99837   
8.87      0.99854   
8.89      0.99895   
8.91      1.00086   
8.93      0.99873   
8.95      0.9977    
8.97      0.99831   
8.99      0.99801   
9.01      0.99933   
9.03      0.99761   
9.05      0.9959    
9.07      0.99757   
9.09      0.99788   
9.11      0.99707   
9.13      0.99508   
9.15      0.99698   
9.17      0.99665   
9.19      0.99862   
9.21      0.99731   
9.23      0.99668   
9.25      0.99685   
9.27      0.99611   
9.29      0.99534   
9.31      0.99608   
9.33      0.99547   
9.35      0.99641   
9.37      0.99619   
9.39      0.9975    
9.41      0.99604   
9.43      0.99565   
9.45      0.99695   
9.47      0.99673   
9.49      0.99671   
9.51      0.99738   
9.53      0.99511   
9.55      0.99682   
9.57      0.99532   
9.59      0.99636   
9.61      0.99524   
9.63      0.99547   
9.65      0.99491   
9.67      0.99561   
9.69      0.99514   
9.71      0.99616   
9.73      0.9952    
9.75      0.99559   
9.77      0.99432   
9.79      0.99528   
9.81      0.99531   
9.83      0.99471   
9.85      0.99463   
9.87      0.99386   
9.89      0.9963    
9.91      0.99616   
9.93      0.99541   
9.95      0.99416   
9.97      0.99497   
9.99      0.9936    

pair:OEW-HW
0.01      0.0       
0.03      0.0       
0.05      0.0       
0.07      0.0       
0.09      0.0       
0.11      0.0       
0.13      0.0       
0.15      0.0       
0.17      0.0       
0.19      0.0       
0.21      0.0       
0.23      0.0       
0.25      0.0       
0.27      0.0       
0.29      0.0       
0.31      0.0       
0.33      0.0       
0.35      0.0       
0.37      0.0       
0.39      0.0       
0.41      0.0       
0.43      0.0       
0.45      0.0       
0.47      0.0       
0.49      0.0       
0.51      0.0       
0.53      0.0       
0.55      0.0       
0.57      0.0       
0.59      0.0       
0.61      0.0       
0.63      0.0       
0.65      0.0       
0.67      0.0       
0.69      0.0       
0.71      0.0       
0.73      0.0       
0.75      0.00032   
0.77      0.00132   
0.79      0.00534   
0.81      0.01535   
0.83      0.03754   
0.85      0.07675   
0.87      0.14517   
0.89      0.25764   
0.91      0.4095    
0.93      0.60678   
0.95      0.82433   
0.97      1.04688   
0.99      1.28      
1.01      1.50177   
1.03      1.69262   
1.05      1.82674   
1.07      1.92763   
1.09      1.96742   
1.11      1.97612   
1.13      1.94167   
1.15      1.86821   
1.17      1.7601    
1.19      1.67192   
1.21      1.55002   
1.23      1.42697   
1.25      1.29229   
1.27      1.1812    
1.29      1.06556   
1.31      0.9586    
1.33      0.86867   
1.35      0.77758   
1.37      0.69391   
1.39      0.61891   
1.41      0.55081   
1.43      0.49184   
1.45      0.44244   
1.47      0.39729   
1.49      0.35434   
1.51      0.32075   
1.53      0.29208   
1.55      0.26345   
1.57      0.23832   
1.59      0.21821   
1.61      0.20082   
1.63      0.18269   
1.65      0.17316   
1.67      0.15693   
1.69      0.14706   
1.71      0.13958   
1.73      0.1337    
1.75      0.12898   
1.77      0.12574   
1.79      0.12201   
1.81      0.12323   
1.83      0.12601   
1.85      0.13084   
1.87      0.13852   
1.89      0.14952   
1.91      0.1627    
1.93      0.18658   
1.95      0.21557   
1.97      0.25165   
1.99      0.29179   
2.01      0.34524   
2.03      0.40302   
2.05      0.46703   
2.07      0.54298   
2.09      0.61694   
2.11      0.69481   
2.13      0.76841   
2.15      0.83405   
2.17      0.89433   
2.19      0.94528   
2.21      0.97364   
2.23      0.98854   
2.25      1.00168   
2.27      0.9879    
2.29      0.96723   
2.31      0.93538   
2.33      0.89939   
2.35      0.85585   
2.37      0.80501   
2.39      0.75865   
2.41      0.70709   
2.43      0.65879   
2.45      0.61703   
2.47      0.57477   
2.49      0.53756   
2.51      0.5049    
2.53      0.46974   
2.55      0.4494    
2.57      0.42242   
2.59      0.4041    
2.61      0.39482   
2.63      0.38322   
2.65      0.37623   
2.67      0.37238   
2.69      0.37243   
2.71      0.37603   
2.73      0.38203   
2.75      0.38874   
2.77      0.40242   
2.79      0.41736   
2.81      0.43106   
2.83      0.45009   
2.85      0.47195   
2.87      0.49489   
2.89      0.52047   
2.91      0.54531   
2.93      0.57519   
2.95      0.60522   
2.97      0.63642   
2.99      0.67044   
3.01      0.70389   
3.03      0.73963   
3.05      0.7733    
3.07      0.81099   
3.09      0.84625   
3.11      0.88416   
3.13      0.91909   
3.15      0.96158   
3.17      0.99387   
3.19      1.03175   
3.21      1.06507   
3.23      1.1009    
3.25      1.13182   
3.27      1.16885   
3.29      1.20036   
3.31      1.23225   
3.33      1.25838   
3.35      1.29187   
3.37      1.31898   
3.39      1.34305   
3.41      1.36306   
3.43      1.38887   
3.45      1.40151   
3.47      1.40949   
3.49      1.41752   
3.51      1.41853   
3.53      1.41031   
3.55      1.40228   
3.57      1.38747   
3.59      1.36638   
3.61      1.348     
3.63      1.32103   
3.65      1.29783   
3.67      1.27527   
3.69      1.24572   
3.71      1.22009   
3.73      1.19659   
3.75      1.17147   
3.77      1.15131   
3.79      1.13086   
3.81      1.11484   
3.83      1.0979    
3.85      1.08596   
3.87      1.0722    
3.89      1.066     
3.91      1.05716   
3.93      1.04905   
3.95      1.04249   
3.97      1.04135   
3.99      1.03486   
4.01      1.03382   
4.03      1.03341   
4.05      1.03504   
4.07      1.03504   
4.09      1.03514   
4.11      1.03226   
4.13      1.035     
4.15      1.03494   
4.17      1.03777   
4.19      1.03704   
4.21      1.03801   
4.23      1.04048   
4.25      1.0394    
4.27      1.03933   
4.29      1.03958   
4.31      1.03891   
4.33      1.03983   
4.35      1.03601   
4.37      1.03425   
4.39      1.0353    
4.41      1.03008   
4.43      1.03077   
4.45      1.02673   
4.47      1.0241    
4.49      1.02206   
4.51      1.01723   
4.53      1.01767   
4.55      1.01145   
4.57      1.00942   
4.59      1.00819   
4.61      1.00213   
4.63      1.00148   
4.65      1.00083   
4.67      0.99881   
4.69      0.99637   
4.71      0.99162   
4.73      0.99318   
4.75      0.98845   
4.77      0.98948   
4.79      0.98745   
4.81      0.98648   
4.83      0.98529   
4.85      0.98406   
4.87      0.98504   
4.89      0.98312   
4.91      0.98637   
4.93      0.98545   
4.95      0.98509   
4.97      0.98467   
4.99      0.98746   
5.01      0.98896   
5.03      0.98849   
5.05      0.98804   
5.07      0.98862   
5.09      0.99213   
5.11      0.99317   
5.13      0.99437   
5.15      0.9943    
5.17      0.99694   
5.19      0.99672   
5.21      1.00016   
5.23      0.99821   
5.25      1.00082   
5.27      0.99988   
5.29      1.00039   
5.31      1.0004    
5.33      1.00293   
5.35      1.00421   
5.37      1.00321   
5.39      1.00346   
5.41      1.00426   
5.43      1.0056    
5.45      1.0031    
5.47      1.00518   
5.49      1.00442   
5.51      1.00162   
5.53      1.00141   
5.55      1.00063   
5.57      0.99986   
5.59      0.99876   
5.61      0.99822   
5.63      0.99501   
5.65      0.99679   
5.67      0.9945    
5.69      0.99256   
5.71      0.98961   
5.73      0.99016   
5.75      0.98677   
5.77      0.98584   
5.79      0.98406   
5.81      0.98187   
5.83      0.97888   
5.85      0.97753   
5.87      0.97727   
5.89      0.97613   
5.91      0.97452   
5.93      0.97286   
5.95      0.97187   
5.97      0.96964   
5.99      0.96952   
6.01      0.96708   
6.03      0.96821   
6.05      0.96763   
6.07      0.96652   
6.09      0.96584   
6.11      0.96722   
6.13      0.96574   
6.15      0.9668    
6.17      0.96595   
6.19      0.96676   
6.21      0.96679   
6.23      0.96592   
6.25      0.96618   
6.27      0.96772   
6.29      0.96713   
6.31      0.96799   
6.33      0.96842   
6.35      0.97076   
6.37      0.97085   
6.39      0.97113   
6.41      0.97124   
6.43      0.97229   
6.45      0.9737    
6.47      0.97419   
6.49      0.97405   
6.51      0.97624   
6.53      0.97546   
6.55      0.97707   
6.57      0.97804   
6.59      0.97791   
6.61      0.97929   
6.63      0.97961   
6.65      0.97916   
6.67      0.98294   
6.69      0.98282   
6.71      0.98348   
6.73      0.98483   
6.75      0.9842    
6.77      0.98689   
6.79      0.9869    
6.81      0.98826   
6.83      0.9898    
6.85      0.99111   
6.87      0.99295   
6.89      0.99348   
6.91      0.9937    
6.93      0.99513   
6.95      0.998     
6.97      0.99564   
6.99      0.99925   
7.01      0.99919   
7.03      1.00017   
7.05      1.00062   
7.07      1.00372   
7.09      1.00287   
7.11      1.00442   
7.13      1.00622   
7.15      1.00902   
7.17      1.00887   
7.19      1.01144   
7.21      1.01131   
7.23      1.01237   
7.25      1.01479   
7.27      1.0148    
7.29      1.01518   
7.31      1.01503   
7.33      1.01558   
7.35      1.01723   
7.37      1.01757   
7.39      1.01735   
7.41      1.01779   
7.43      1.01922   
7.45      1.01991   
7.47      1.02085   
7.49      1.01901   
7.51      1.01971   
7.53      1.01979   
7.55      1.02121   
7.57      1.02074   
7.59      1.02045   
7.61      1.02061   
7.63      1.0207    
7.65      1.02074   
7.67      1.02053   
7.69      1.02015   
7.71      1.0196    
7.73      1.01943   
7.75      1.01986   
7.77      1.01837   
7.79      1.01829   
7.81      1.01728   
7.83      1.01754   
7.85      1.01619   
7.87      1.0168    
7.89      1.01683   
7.91      1.01435   
7.93      1.0154    
7.95      1.01415   
7.97      1.01313   
7.99      1.01271   
8.01      1.01043   
8.03      1.01102   
8.05      1.01119   
8.07      1.01134   
8.09      1.00935   
8.11      1.01088   
8.13      1.00884   
8.15      1.00851   
8.17      1.00947   
8.19      1.00813   
8.21      1.00689   
8.23      1.00531   
8.25      1.00504   
8.27      1.00461   
8.29      1.00542   
8.31      1.00564   
8.33      1.00465   
8.35      1.00346   
8.37      1.00399   
8.39      1.00394   
8.41      1.00337   
8.43      1.00376   
8.45      1.00248   
8.47      1.00259   
8.49      1.00241   
8.51      1.00147   
8.53      1.00161   
8.55      1.00071   
8.57      1.00244   
8.59      1.0001    
8.61      0.9999    
8.63      0.99894   
8.65      1.00016   
8.67      1.00111   
8.69      0.99977   
8.71      0.99981   
8.73      0.999     
8.75      0.99839   
8.77      0.99812   
8.79      0.99729   
8.81      0.99926   
8.83      0.99832   
8.85      0.99721   
8.87      0.99755   
8.89      0.9961    
8.91      0.99631   
8.93      0.99625   
8.95      0.99591   
8.97      0.99612   
8.99      0.99626   
9.01      0.99547   
9.03      0.9962    
9.05      0.99388   
9.07      0.99616   
9.09      0.99626   
9.11      0.99598   
9.13      0.99605   
9.15      0.99624   
9.17      0.99552   
9.19      0.99542   
9.21      0.99532   
9.23      0.99449   
9.25      0.99459   
9.27      0.99552   
9.29      0.99542   
9.31      0.99601   
9.33      0.99593   
9.35      0.99502   
9.37      0.99526   
9.39      0.9952    
9.41      0.99473   
9.43      0.99577   
9.45      0.99481   
9.47      0.9947    
9.49      0.99545   
9.51      0.99452   
9.53      0.99446   
9.55      0.99513   
9.57      0.99503   
9.59      0.99481   
9.61      0.99511   
9.63      0.99575   
9.65      0.99537   
9.67      0.99447   
9.69      0.99584   
9.71      0.99565   
9.73      0.99527   
9.75      0.99586   
9.77      0.99561   
9.79      0.99524   
9.81      0.99463   
9.83      0.99524   
9.85      0.99424   
9.87      0.99541   
9.89      0.99439   
9.91      0.99437   
9.93      0.99476   
9.95      0.99536   
9.97      0.99484   
9.99      0.99501   

pair:HW-HW
0.01      0.0       
0.03      0.0       
0.05      0.0       
0.07      0.0       
0.09      0.0       
0.11      0.0       
0.13      0.0       
0.15      0.0       
0.17      0.0       
0.19      0.0       
0.21      0.0       
0.23      0.0       
0.25      0.0       
0.27      0.0       
0.29      0.0       
0.31      0.0       
0.33      0.0       
0.35      0.0       
0.37      0.0       
0.39      0.0       
0.41      0.0       
0.43      0.0       
0.45      0.0       
0.47      0.0       
0.49      0.0       
0.51      0.0       
0.53      0.0       
0.55      0.0       
0.57      0.0       
0.59      0.0       
0.61      0.0       
0.63      0.0       
0.65      0.0       
0.67      0.0       
0.69      0.0       
0.71      0.0       
0.73      0.0       
0.75      0.0       
0.77      0.0       
0.79      0.0       
0.81      0.0       
0.83      0.0       
0.85      0.0       
0.87      0.0       
0.89      0.0       
0.91      0.0       
0.93      0.0       
0.95      0.0       
0.97      0.0       
0.99      0.0       
1.01      0.0       
1.03      0.0       
1.05      0.0       
1.07      0.0       
1.09      0.0       
1.11      0.0       
1.13      0.0       
1.15      0.0       
1.17      0.0       
1.19      0.0       
1.21      0.0       
1.23      0.0       
1.25      0.0       
1.27      0.0       
1.29      0.0       
1.31      0.0       
1.33      0.0       
1.35      0.0       
1.37      0.0       
1.39      0.0       
1.41      0.0       
1.43      0.0       
1.45      3e-05     
1.47      0.0       
1.49      3e-05     
1.51      0.0       
1.53      0.0       
1.55      8e-05     
1.57      0.00012   
1.59      0.00017   
1.61      0.00037   
1.63      0.00043   
1.65      0.00062   
1.67      0.0009    
1.69      0.0012    
1.71      0.00187   
1.73      0.00229   
1.75      0.00292   
1.77      0.00445   
1.79      0.00573   
1.81      0.00746   
1.83      0.01002   
1.85      0.01434   
1.87      0.01828   
1.89      0.0242    
1.91      0.03312   
1.93      0.04747   
1.95      0.06749   
1.97      0.09398   
1.99      0.13218   
2.01      0.17925   
2.03      0.24656   
2.05      0.33227   
2.07      0.42911   
2.09      0.55372   
2.11      0.68664   
2.13      0.83971   
2.15      0.9982    
2.17      1.15851   
2.19      1.31355   
2.21      1.45636   
2.23      1.58197   
2.25      1.68289   
2.27      1.75876   
2.29      1.80239   
2.31      1.82463   
2.33      1.82009   
2.35      1.78395   
2.37      1.74008   
2.39      1.68299   
2.41      1.60619   
2.43      1.52185   
2.45      1.4359    
2.47      1.34897   
2.49      1.26226   
2.51      1.17115   
2.53      1.09831   
2.55      1.01915   
2.57      0.94917   
2.59      0.88575   
2.61      0.83378   
2.63      0.78399   
2.65      0.73422   
2.67      0.70351   
2.69      0.67142   
2.71      0.64947   
2.73      0.62309   
2.75      0.60349   
2.77      0.59352   
2.79      0.58353   
2.81      0.58108   
2.83      0.5813    
2.85      0.58087   
2.87      0.58871   
2.89      0.59305   
2.91      0.60446   
2.93      0.61701   
2.95      0.63249   
2.97      0.64595   
2.99      0.66612   
3.01      0.68258   
3.03      0.70679   
3.05      0.72523   
3.07      0.7461    
3.09      0.77501   
3.11      0.79538   
3.13      0.82331   
3.15      0.84962   
3.17      0.87591   
3.19      0.90255   
3.21      0.92302   
3.23      0.95459   
3.25      0.98126   
3.27      1.00789   
3.29      1.03917   
3.31      1.06348   
3.33      1.08757   
3.35      1.116     
3.37      1.1366    
3.39      1.1615    
3.41      1.18013   
3.43      1.18825   
3.45      1.19907   
3.47      1.19853   
3.49      1.20124   
3.51      1.19785   
3.53      1.18419   
3.55      1.17424   
3.57      1.15836   
3.59      1.14003   
3.61      1.12343   
3.63      1.10671   
3.65      1.08997   
3.67      1.07848   
3.69      1.05727   
3.71      1.0373    
3.73      1.02833   
3.75      1.01883   
3.77      1.00944   
3.79      1.00324   
3.81      0.99492   
3.83      0.98915   
3.85      0.98945   
3.87      0.98249   
3.89      0.98715   
3.91      0.98989   
3.93      0.99401   
3.95      0.99317   
3.97      1.00314   
3.99      1.00574   
4.01      1.01143   
4.03      1.01543   
4.05      1.0193    
4.07      1.02748   
4.09      1.0335    
4.11      1.04072   
4.13      1.04552   
4.15      1.05105   
4.17      1.05559   
4.19      1.06618   
4.21      1.07052   
4.23      1.07296   
4.25      1.07882   
4.27      1.08321   
4.29      1.08713   
4.31      1.08908   
4.33      1.09263   
4.35      1.0937    
4.37      1.0978    
4.39      1.09691   
4.41      1.09832   
4.43      1.09664   
4.45      1.09805   
4.47      1.09631   
4.49      1.09575   
4.51      1.09661   
4.53      1.09517   
4.55      1.08973   
4.57      1.08961   
4.59      1.08461   
4.61      1.08239   
4.63      1.07943   
4.65      1.07609   
4.67      1.07227   
4.69      1.06645   
4.71      1.06462   
4.73      1.05872   
4.75      1.05525   
4.77      1.05186   
4.79      1.04876   
4.81      1.04626   
4.83      1.03951   
4.85      1.03973   
4.87      1.03393   
4.89      1.03022   
4.91      1.02873   
4.93      1.02739   
4.95      1.02446   
4.97      1.02131   
4.99      1.01915   
5.01      1.01466   
5.03      1.01563   
5.05      1.01216   
5.07      1.01546   
5.09      1.0092    
5.11      1.00732   
5.13      1.0055    
5.15      1.00469   
5.17      1.00022   
5.19      0.99997   
5.21      0.99897   
5.23      0.99987   
5.25      0.99731   
5.27      0.99591   
5.29      0.99539   
5.31      0.99323   
5.33      0.99591   
5.35      0.99208   
5.37      0.98952   
5.39      0.98649   
5.41      0.98976   
5.43      0.98576   
5.45      0.98238   
5.47      0.9847    
5.49      0.9814    
5.51      0.97878   
5.53      0.97932   
5.55      0.97786   
5.57      0.97544   
5.59      0.97304   
5.61      0.97237   
5.63      0.97402   
5.65      0.96722   
5.67      0.96694   
5.69      0.96694   
5.71      0.96225   
5.73      0.95993   
5.75      0.96034   
5.77      0.9567    
5.79      0.95639   
5.81      0.95777   
5.83      0.95506   
5.85      0.95226   
5.87      0.95074   
5.89      0.95158   
5.91      0.9479    
5.93      0.94796   
5.95      0.94945   
5.97      0.94839   
5.99      0.94611   
6.01      0.9493    
6.03      0.9501    
6.05      0.94795   
6.07      0.95021   
6.09      0.94752   
6.11      0.95255   
6.13      0.94994   
6.15      0.95408   
6.17      0.953     
6.19      0.9552    
6.21      0.95721   
6.23      0.95762   
6.25      0.95805   
6.27      0.96229   
6.29      0.96236   
6.31      0.96352   
6.33      0.9661    
6.35      0.96858   
6.37      0.96792   
6.39      0.97019   
6.41      0.97182   
6.43      0.97417   
6.45      0.97562   
6.47      0.97838   
6.49      0.97967   
6.51      0.9796    
6.53      0.98183   
6.55      0.98495   
6.57      0.9859    
6.59      0.9864    
6.61      0.98824   
6.63      0.98766   
6.65      0.99338   
6.67      0.98948   
6.69      0.9941    
6.71      0.9943    
6.73      0.99635   
6.75      0.99713   
6.77      0.99841   
6.79      0.99839   
6.81      0.99891   
6.83      1.00049   
6.85      1.00126   
6.87      1.00495   
6.89      1.00377   
6.91      1.00523   
6.93      1.0048    
6.95      1.00987   
6.97      1.00891   
6.99      1.01068   
7.01      1.01011   
7.03      1.01143   
7.05      1.01233   
7.07      1.01354   
7.09      1.01195   
7.11      1.01498   
7.13      1.01484   
7.15      1.01805   
7.17      1.01741   
7.19      1.01772   
7.21      1.01957   
7.23      1.01782   
7.25      1.01753   
7.27      1.02027   
7.29      1.01888   
7.31      1.02028   
7.33      1.02088   
7.35      1.02129   
7.37      1.02267   
7.39      1.0219    
7.41      1.02211   
7.43      1.02371   
7.45      1.01991   
7.47      1.02203   
7.49      1.02308   
7.51      1.02231   
7.53      1.02111   
7.55      1.02242   
7.57      1.02145   
7.59      1.01868   
7.61      1.01823   
7.63      1.01953   
7.65      1.01927   
7.67      1.01689   
7.69      1.01693   
7.71      1.01694   
7.73      1.01631   
7.75      1.01606   
7.77      1.01579   
7.79      1.0143    
7.81      1.0135    
7.83      1.01181   
7.85      1.01248   
7.87      1.01053   
7.89      1.01207   
7.91      1.00774   
7.93      1.00917   
7.95      1.00961   
7.97      1.00815   
7.99      1.0082    
8.01      1.00615   
8.03      1.00723   
8.05      1.00459   
8.07      1.00473   
8.09      1.00405   
8.11      1.0057    
8.13      1.00515   
8.15      1.00306   
8.17      1.00273   
8.19      1.00234   
8.21      1.00179   
8.23      1.00011   
8.25      1.00084   
8.27      1.00134   
8.29      1.00069   
8.31      0.99937   
8.33      1.0012    
8.35      0.99984   
8.37      1.00179   
8.39      0.99979   
8.41      1.00096   
8.43      0.99966   
8.45      0.99956   
8.47      0.99947   
8.49      0.99935   
8.51      0.99921   
8.53      0.99909   
8.55      0.99993   
8.57      1.00003   
8.59      0.99917   
8.61      0.99978   
8.63      0.99844   
8.65      0.99938   
8.67      0.99953   
8.69      0.99964   
8.71      0.99984   
8.73      0.99898   
8.75      0.99899   
8.77      0.99838   
8.79      1.00057   
8.81      0.99924   
8.83      0.99852   
8.85      1.00036   
8.87      0.99948   
8.89      0.99847   
8.91      0.99981   
8.93      0.9984    
8.95      0.99861   
8.97      0.99796   
8.99      0.99987   
9.01      0.99806   
9.03      0.99924   
9.05      0.99773   
9.07      0.99919   
9.09      0.99998   
9.11      0.99886   
9.13      1.00006   
9.15      0.99652   
9.17      0.99825   
9.19      0.99766   
9.21      0.99696   
9.23      0.99697   
9.25      0.99929   
9.27      0.99662   
9.29      0.99752   
9.31      0.99852   
9.33      0.99772   
9.35      0.99641   
9.37      0.99775   
9.39      0.99776   
9.41      0.99837   
9.43      0.99736   
9.45      0.99668   
9.47      0.99646   
9.49      0.9961    
9.51      0.99471   
9.53      0.99713   
9.55      0.99547   
9.57      0.99572   
9.59      0.99525   
9.61      0.99503   
9.63      0.99567   
9.65      0.99547   
9.67      0.99548   
9.69      0.99614   
9.71      0.99593   
9.73      0.99578   
9.75      0.9972    
9.77      0.9956    
9.79      0.99525   
9.81      0.99477   
9.83      0.99463   
9.85      0.99656   
9.87      0.99463   
9.89      0.99511   
9.91      0.99669   
9.93      0.99505   
9.95      0.99512   
9.97      0.99407   
9.99      0.99377   

pair:OW-HW
0.01      0.0       
0.03      0.0       
0.05      0.0       
0.07      0.0       
0.09      0.0       
0.11      0.0       
0.13      0.0       
0.15      0.0       
0.17      0.0       
0.19      0.0       
0.21      0.0       
0.23      0.0       
0.25      0.0       
0.27      0.0       
0.29      0.0       
0.31      0.0       
0.33      0.0       
0.35      0.0       
0.37      0.0       
0.39      0.0       
0.41      0.0       
0.43      0.0       
0.45      0.0       
0.47      0.0       
0.49      0.0       
0.51      0.0       
0.53      0.0       
0.55      0.0       
0.57      0.0       
0.59      0.0       
0.61      0.0       
0.63      0.0       
0.65      0.0       
0.67      0.0       
0.69      0.0       
0.71      0.0       
0.73      0.0       
0.75      0.0       
0.77      0.0       
0.79      0.0       
0.81      0.0       
0.83      0.0       
0.85      0.0       
0.87      0.0       
0.89      0.0       
0.91      0.0       
0.93      0.0       
0.95      0.0       
0.97      0.0       
0.99      0.0       
1.01      0.0       
1.03      0.0       
1.05      0.0       
1.07      0.0       
1.09      0.0       
1.11      0.0       
1.13      0.0       
1.15      0.0       
1.17      0.0       
1.19      0.0       
1.21      0.0       
1.23      0.0       
1.25      0.0       
1.27      0.0       
1.29      0.0       
1.31      0.0       
1.33      0.0       
1.35      0.0       
1.37      0.0       
1.39      0.0       
1.41      0.0       
1.43      0.0       
1.45      0.0       
1.47      0.0       
1.49      0.0       
1.51      0.0       
1.53      0.0       
1.55      0.00018   
1.57      0.00041   
1.59      0.00219   
1.61      0.00786   
1.63      0.02002   
1.65      0.0454    
1.67      0.09379   
1.69      0.17289   
1.71      0.28361   
1.73      0.43318   
1.75      0.60832   
1.77      0.79823   
1.79      0.99069   
1.81      1.16939   
1.83      1.32397   
1.85      1.43402   
1.87      1.52424   
1.89      1.55212   
1.91      1.56179   
1.93      1.5125    
1.95      1.45175   
1.97      1.36373   
1.99      1.28232   
2.01      1.17503   
2.03      1.07994   
2.05      0.97891   
2.07      0.88433   
2.09      0.79258   
2.11      0.71099   
2.13      0.63554   
2.15      0.56361   
2.17      0.50026   
2.19      0.44618   
2.21      0.40074   
2.23      0.3589    
2.25      0.32169   
2.27      0.29313   
2.29      0.26305   
2.31      0.23951   
2.33      0.22233   
2.35      0.19895   
2.37      0.18986   
2.39      0.17578   
2.41      0.16706   
2.43      0.15626   
2.45      0.15134   
2.47      0.14692   
2.49      0.1446    
2.51      0.14185   
2.53      0.14462   
2.55      0.14708   
2.57      0.15404   
2.59      0.15975   
2.61      0.17286   
2.63      0.18858   
2.65      0.20874   
2.67      0.23758   
2.69      0.26744   
2.71      0.31007   
2.73      0.3628    
2.75      0.4281    
2.77      0.49727   
2.79      0.58236   
2.81      0.68406   
2.83      0.79035   
2.85      0.90237   
2.87      1.02886   
2.89      1.1517    
2.91      1.27534   
2.93      1.39568   
2.95      1.50412   
2.97      1.59632   
2.99      1.68044   
3.01      1.73822   
3.03      1.77634   
3.05      1.79723   
3.07      1.78995   
3.09      1.77903   
3.11      1.7347    
3.13      1.69435   
3.15      1.63611   
3.17      1.56871   
3.19      1.50783   
3.21      1.44385   
3.23      1.37508   
3.25      1.30997   
3.27      1.25054   
3.29      1.19328   
3.31      1.13838   
3.33      1.09213   
3.35      1.05439   
3.37      1.01539   
3.39      0.98823   
3.41      0.96288   
3.43      0.94239   
3.45      0.93327   
3.47      0.91836   
3.49      0.9099    
3.51      0.90454   
3.53      0.9011    
3.55      0.90586   
3.57      0.90709   
3.59      0.9095    
3.61      0.91185   
3.63      0.92022   
3.65      0.92431   
3.67      0.93128   
3.69      0.94098   
3.71      0.95097   
3.73      0.95527   
3.75      0.96438   
3.77      0.96927   
3.79      0.97905   
3.81      0.98253   
3.83      0.98943   
3.85      0.99597   
3.87      1.00279   
3.89      1.00606   
3.91      1.01401   
3.93      1.01686   
3.95      1.01998   
3.97      1.02314   
3.99      1.02304   
4.01      1.03083   
4.03      1.02934   
4.05      1.03451   
4.07      1.03764   
4.09      1.0409    
4.11      1.0333    
4.13      1.03816   
4.15      1.04066   
4.17      1.04024   
4.19      1.04347   
4.21      1.04545   
4.23      1.0443    
4.25      1.04964   
4.27      1.05072   
4.29      1.05104   
4.31      1.05553   
4.33      1.05366   
4.35      1.05702   
4.37      1.055     
4.39      1.0579    
4.41      1.05838   
4.43      1.06162   
4.45      1.06532   
4.47      1.06523   
4.49      1.06929   
4.51      1.06879   
4.53      1.07554   
4.55      1.07628   
4.57      1.08018   
4.59      1.08121   
4.61      1.08226   
4.63      1.08653   
4.65      1.08696   
4.67      1.0902    
4.69      1.09157   
4.71      1.09109   
4.73      1.09179   
4.75      1.09399   
4.77      1.09413   
4.79      1.0931    
4.81      1.09426   
4.83      1.09479   
4.85      1.09661   
4.87      1.09661   
4.89      1.09463   
4.91      1.09166   
4.93      1.09175   
4.95      1.08773   
4.97      1.08259   
4.99      1.08072   
5.01      1.0791    
5.03      1.07589   
5.05      1.07389   
5.07      1.06389   
5.09      1.06218   
5.11      1.0517    
5.13      1.04696   
5.15      1.04228   
5.17      1.03896   
5.19      1.03189   
5.21      1.02363   
5.23      1.01817   
5.25      1.01385   
5.27      1.0071    
5.29      1.00158   
5.31      0.99524   
5.33      0.99049   
5.35      0.98492   
5.37      0.97719   
5.39      0.97249   
5.41      0.96899   
5.43      0.96289   
5.45      0.95747   
5.47      0.95417   
5.49      0.94903   
5.51      0.94682   
5.53      0.94247   
5.55      0.9366    
5.57      0.93552   
5.59      0.93345   
5.61      0.92928   
5.63      0.92497   
5.65      0.92703   
5.67      0.92494   
5.69      0.92133   
5.71      0.92286   
5.73      0.91971   
5.75      0.92252   
5.77      0.91914   
5.79      0.91988   
5.81      0.91919   
5.83      0.91975   
5.85      0.92143   
5.87      0.91959   
5.89      0.92225   
5.91      0.92109   
5.93      0.92468   
5.95      0.92377   
5.97      0.92398   
5.99      0.92505   
6.01      0.92606   
6.03      0.92452   
6.05      0.93133   
6.07      0.93115   
6.09      0.93198   
6.11      0.93436   
6.13      0.93488   
6.15      0.93625   
6.17      0.93833   
6.19      0.94231   
6.21      0.9436    
6.23      0.9442    
6.25      0.9491    
6.27      0.95097   
6.29      0.95331   
6.31      0.95402   
6.33      0.95644   
6.35      0.95677   
6.37      0.96165   
6.39      0.96359   
6.41      0.96446   
6.43      0.96958   
6.45      0.97138   
6.47      0.97409   
6.49      0.97738   
6.51      0.98074   
6.53      0.98268   
6.55      0.9844    
6.57      0.98805   
6.59      0.99222   
6.61      0.99561   
6.63      0.99541   
6.65      1.00075   
6.67      1.00213   
6.69      1.00564   
6.71      1.00925   
6.73      1.01013   
6.75      1.01391   
6.77      1.01705   
6.79      1.01829   
6.81      1.01945   
6.83      1.02264   
6.85      1.02406   
6.87      1.02701   
6.89      1.02603   
6.91      1.03166   
6.93      1.02985   
6.95      1.03235   
6.97      1.03333   
6.99      1.03554   
7.01      1.03458   
7.03      1.03551   
7.05      1.03475   
7.07      1.03615   
7.09      1.03617   
7.11      1.03728   
7.13      1.03546   
7.15      1.03552   
7.17      1.0346    
7.19      1.03654   
7.21      1.03464   
7.23      1.03043   
7.25      1.03201   
7.27      1.03128   
7.29      1.02813   
7.31      1.02953   
7.33      1.02784   
7.35      1.02502   
7.37      1.02611   
7.39      1.02443   
7.41      1.02142   
7.43      1.02207   
7.45      1.0191    
7.47      1.01859   
7.49      1.01743   
7.51      1.01599   
7.53      1.01413   
7.55      1.01257   
7.57      1.01398   
7.59      1.00984   
7.61      1.01075   
7.63      1.00877   
7.65      1.00745   
7.67      1.00737   
7.69      1.00582   
7.71      1.00437   
7.73      1.00473   
7.75      1.00311   
7.77      1.0028    
7.79      1.00313   
7.81      1.004     
7.83      1.0       
7.85      1.00078   
7.87      1.00046   
7.89      1.00056   
7.91      1.00191   
7.93      1.00341   
7.95      1.00264   
7.97      0.99927   
7.99      1.00072   
8.01      1.00096   
8.03      1.00061   
8.05      0.99957   
8.07      1.00186   
8.09      1.00127   
8.11      1.00046   
8.13      1.0018    
8.15      1.00163   
8.17      1.00131   
8.19      1.0001    
8.21      1.00143   
8.23      1.00183   
8.25      1.00167   
8.27      1.00273   
8.29      1.00312   
8.31      1.00235   
8.33      1.00288   
8.35      1.00239   
8.37      1.0047    
8.39      1.00242   
8.41      1.00257   
8.43      1.00267   
8.45      1.0048    
8.47      1.00355   
8.49      1.00502   
8.51      1.00493   
8.53      1.00337   
8.55      1.00425   
8.57      1.00322   
8.59      1.00411   
8.61      1.00471   
8.63      1.00593   
8.65      1.00489   
8.67      1.00381   
8.69      1.00545   
8.71      1.00395   
8.73      1.00377   
8.75      1.00368   
8.77      1.00308   
8.79      1.00402   
8.81      1.0042    
8.83      1.00341   
8.85      1.00393   
8.87      1.00215   
8.89      1.00422   
8.91      1.00407   
8.93      1.00281   
8.95      1.00257   
8.97      1.00299   
8.99      1.0024    
9.01      1.00223   
9.03      1.00218   
9.05      1.00214   
9.07      1.0015    
9.09      1.00022   
9.11      1.00089   
9.13      1.00106   
9.15      1.0018    
9.17      0.99975   
9.19      1.00001   
9.21      0.99988   
9.23      1.00012   
9.25      0.99884   
9.27      0.99729   
9.29      0.99742   
9.31      0.99676   
9.33      0.99677   
9.35      0.99575   
9.37      0.99583   
9.39      0.99376   
9.41      0.99457   
9.43      0.99441   
9.45      0.99288   
9.47      0.9938    
9.49      0.99253   
9.51      0.99355   
9.53      0.9922    
9.55      0.99269   
9.57      0.99122   
9.59      0.99091   
9.61      0.99162   
9.63      0.99072   
9.65      0.99102   
9.67      0.9902    
9.69      0.98892   
9.71      0.99108   
9.73      0.99023   
9.75      0.9906    
9.77      0.98961   
9.79      0.98839   
9.81      0.98851   
9.83      0.9899    
9.85      0.9894    
9.87      0.98928   
9.89      0.98992   
9.91      0.98874   
9.93      0.98931   
9.95      0.98912   
9.97      0.98975   
9.99      0.98932   

pair:OW-OEW
0.01      0.0       
0.03      0.0       
0.05      0.0       
0.07      0.0       
0.09      0.0       
0.11      0.0       
0.13      0.0       
0.15      0.0       
0.17      0.0       
0.19      0.0       
0.21      0.0       
0.23      0.0       
0.25      0.0       
0.27      0.0       
0.29      0.0       
0.31      0.0       
0.33      0.0       
0.35      0.0       
0.37      0.0       
0.39      0.0       
0.41      0.0       
0.43      0.0       
0.45      0.0       
0.47      0.0       
0.49      0.0       
0.51      0.0       
0.53      0.0       
0.55      0.0       
0.57      0.0       
0.59      0.0       
0.61      0.0       
0.63      0.0       
0.65      0.0       
0.67      0.0       
0.69      0.0       
0.71      0.0       
0.73      0.0       
0.75      0.0       
0.77      0.0       
0.79      0.0       
0.81      0.0       
0.83      0.0       
0.85      0.0       
0.87      0.0       
0.89      0.0       
0.91      0.0       
0.93      0.0       
0.95      0.0       
0.97      0.0       
0.99      0.0       
1.01      0.0       
1.03      0.0       
1.05      0.0       
1.07      0.0       
1.09      0.0       
1.11      0.0       
1.13      0.0       
1.15      0.0       
1.17      0.0       
1.19      0.0       
1.21      0.0       
1.23      0.0       
1.25      0.0       
1.27      0.0       
1.29      0.0       
1.31      0.0       
1.33      0.0       
1.35      0.0       
1.37      0.0       
1.39      0.0       
1.41      0.0       
1.43      0.0       
1.45      0.0       
1.47      0.0       
1.49      0.0       
1.51      0.0       
1.53      0.0       
1.55      0.0001    
1.57      0.00071   
1.59      0.00231   
1.61      0.00772   
1.63      0.01959   
1.65      0.04672   
1.67      0.09281   
1.69      0.17175   
1.71      0.2836    
1.73      0.43642   
1.75      0.611     
1.77      0.78989   
1.79      0.9837    
1.81      1.1803    
1.83      1.32093   
1.85      1.44612   
1.87      1.50832   
1.89      1.55576   
1.91      1.55205   
1.93      1.50982   
1.95      1.45308   
1.97      1.37055   
1.99      1.27809   
2.01      1.18234   
2.03      1.08629   
2.05      0.97984   
2.07      0.88096   
2.09      0.78901   
2.11      0.70677   
2.13      0.63405   
2.15      0.56573   
2.17      0.50389   
2.19      0.44681   
2.21      0.40094   
2.23      0.36465   
2.25      0.32416   
2.27      0.29387   
2.29      0.26199   
2.31      0.23925   
2.33      0.22207   
2.35      0.20107   
2.37      0.18577   
2.39      0.17519   
2.41      0.1655    
2.43      0.15713   
2.45      0.1486    
2.47      0.14585   
2.49      0.14253   
2.51      0.14405   
2.53      0.14548   
2.55      0.14646   
2.57      0.15458   
2.59      0.16281   
2.61      0.17486   
2.63      0.18876   
2.65      0.20882   
2.67      0.23614   
2.69      0.27297   
2.71      0.31344   
2.73      0.3628    
2.75      0.42279   
2.77      0.4979    
2.79      0.5845    
2.81      0.67896   
2.83      0.78605   
2.85      0.90515   
2.87      1.02966   
2.89      1.15782   
2.91      1.2832    
2.93      1.39725   
2.95      1.51174   
2.97      1.60287   
2.99      1.68053   
3.01      1.74322   
3.03      1.77303   
3.05      1.79177   
3.07      1.7936    
3.09      1.77297   
3.11      1.74107   
3.13      1.69367   
3.15      1.63803   
3.17      1.57178   
3.19      1.50952   
3.21      1.43776   
3.23      1.3686    
3.25      1.30661   
3.27      1.24601   
3.29      1.1918    
3.31      1.13921   
3.33      1.09225   
3.35      1.05109   
3.37      1.02028   
3.39      0.98787   
3.41      0.95841   
3.43      0.93885   
3.45      0.9271    
3.47      0.9166    
3.49      0.90881   
3.51      0.9016    
3.53      0.90029   
3.55      0.89973   
3.57      0.90625   
3.59      0.90833   
3.61      0.91565   
3.63      0.91792   
3.65      0.92289   
3.67      0.9275    
3.69      0.93663   
3.71      0.94694   
3.73      0.95179   
3.75      0.96711   
3.77      0.97296   
3.79      0.97637   
3.81      0.99113   
3.83      0.9885    
3.85      0.99928   
3.87      1.00096   
3.89      1.00961   
3.91      1.01287   
3.93      1.01768   
3.95      1.02377   
3.97      1.02365   
3.99      1.03018   
4.01      1.02827   
4.03      1.03474   
4.05      1.03515   
4.07      1.036     
4.09      1.03881   
4.11      1.04137   
4.13      1.04102   
4.15      1.04228   
4.17      1.04439   
4.19      1.03989   
4.21      1.04626   
4.23      1.04961   
4.25      1.04752   
4.27      1.04582   
4.29      1.05079   
4.31      1.05155   
4.33      1.05146   
4.35      1.05371   
4.37      1.05676   
4.39      1.05749   
4.41      1.05788   
4.43      1.06111   
4.45      1.06545   
4.47      1.06501   
4.49      1.06836   
4.51      1.0702    
4.53      1.0714    
4.55      1.07545   
4.57      1.0776    
4.59      1.08147   
4.61      1.08242   
4.63      1.08203   
4.65      1.08617   
4.67      1.08807   
4.69      1.09211   
4.71      1.09181   
4.73      1.09573   
4.75      1.09508   
4.77      1.09405   
4.79      1.09537   
4.81      1.09414   
4.83      1.09591   
4.85      1.0952    
4.87      1.09312   
4.89      1.09459   
4.91      1.09252   
4.93      1.08654   
4.95      1.0882    
4.97      1.0834    
4.99      1.08153   
5.01      1.07985   
5.03      1.07636   
5.05      1.06837   
5.07      1.06416   
5.09      1.05998   
5.11      1.05448   
5.13      1.04783   
5.15      1.04423   
5.17      1.03801   
5.19      1.03234   
5.21      1.02781   
5.23      1.01864   
5.25      1.01597   
5.27      1.00956   
5.29      1.00209   
5.31      0.99629   
5.33      0.99      
5.35      0.9821    
5.37      0.97999   
5.39      0.9716    
5.41      0.96719   
5.43      0.96528   
5.45      0.95779   
5.47      0.95233   
5.49      0.94981   
5.51      0.94226   
5.53      0.94328   
5.55      0.93773   
5.57      0.93451   
5.59      0.93275   
5.61      0.92994   
5.63      0.92889   
5.65      0.92434   
5.67      0.92725   
5.69      0.92548   
5.71      0.92345   
5.73      0.92287   
5.75      0.92155   
5.77      0.91857   
5.79      0.92095   
5.81      0.92034   
5.83      0.92025   
5.85      0.92095   
5.87      0.92216   
5.89      0.92304   
5.91      0.92271   
5.93      0.92227   
5.95      0.92463   
5.97      0.92481   
5.99      0.92337   
6.01      0.92549   
6.03      0.9257    
6.05      0.92859   
6.07      0.93013   
6.09      0.93233   
6.11      0.93195   
6.13      0.93658   
6.15      0.93868   
6.17      0.9383    
6.19      0.94132   
6.21      0.94452   
6.23      0.94414   
6.25      0.94534   
6.27      0.94912   
6.29      0.95143   
6.31      0.95611   
6.33      0.95756   
6.35      0.95974   
6.37      0.9621    
6.39      0.96385   
6.41      0.96618   
6.43      0.9697    
6.45      0.97175   
6.47      0.97296   
6.49      0.97747   
6.51      0.98038   
6.53      0.98347   
6.55      0.98703   
6.57      0.98819   
6.59      0.9904    
6.61      0.99348   
6.63      0.99677   
6.65      0.99862   
6.67      1.00431   
6.69      1.00621   
6.71      1.00743   
6.73      1.01105   
6.75      1.01358   
6.77      1.01416   
6.79      1.01701   
6.81      1.02148   
6.83      1.0226    
6.85      1.02399   
6.87      1.02583   
6.89      1.02866   
6.91      1.0282    
6.93      1.02935   
6.95      1.03059   
6.97      1.03321   
6.99      1.03538   
7.01      1.03426   
7.03      1.03521   
7.05      1.03469   
7.07      1.03513   
7.09      1.03514   
7.11      1.03574   
7.13      1.03496   
7.15      1.03523   
7.17      1.03481   
7.19      1.03419   
7.21      1.03382   
7.23      1.03415   
7.25      1.03146   
7.27      1.03083   
7.29      1.02945   
7.31      1.02754   
7.33      1.02581   
7.35      1.025     
7.37      1.02575   
7.39      1.02242   
7.41      1.02201   
7.43      1.02092   
7.45      1.01941   
7.47      1.0174    
7.49      1.01685   
7.51      1.0167    
7.53      1.01321   
7.55      1.01203   
7.57      1.01053   
7.59      1.01149   
7.61      1.00883   
7.63      1.00827   
7.65      1.00777   
7.67      1.00682   
7.69      1.00596   
7.71      1.00599   
7.73      1.00466   
7.75      1.00371   
7.77      1.00336   
7.79      1.00311   
7.81      1.00322   
7.83      1.00319   
7.85      1.00284   
7.87      1.00187   
7.89      1.00083   
7.91      1.00075   
7.93      1.00134   
7.95      1.00193   
7.97      1.00116   
7.99      1.00148   
8.01      1.00232   
8.03      1.00127   
8.05      1.00258   
8.07      1.00188   
8.09      1.00241   
8.11      1.00205   
8.13      1.00257   
8.15      1.00177   
8.17      1.00272   
8.19      1.00359   
8.21      1.00346   
8.23      1.00301   
8.25      1.00314   
8.27      1.00334   
8.29      1.0021    
8.31      1.00218   
8.33      1.00308   
8.35      1.00247   
8.37      1.00392   
8.39      1.00339   
8.41      1.0028    
8.43      1.00372   
8.45      1.00334   
8.47      1.0049    
8.49      1.00491   
8.51      1.00532   
8.53      1.00482   
8.55      1.0044    
8.57      1.00509   
8.59      1.00445   
8.61      1.0028    
8.63      1.00378   
8.65      1.00417   
8.67      1.00507   
8.69      1.00328   
8.71      1.00422   
8.73      1.00404   
8.75      1.00392   
8.77      1.00586   
8.79      1.00426   
8.81      1.00343   
8.83      1.00398   
8.85      1.00346   
8.87      1.00522   
8.89      1.00488   
8.91      1.00364   
8.93      1.00068   
8.95      1.00273   
8.97      1.00241   
8.99      1.00186   
9.01      1.00187   
9.03      1.00218   
9.05      1.00111   
9.07      1.00176   
9.09      0.99986   
9.11      1.00116   
9.13      0.99861   
9.15      1.00067   
9.17      0.99764   
9.19      0.99997   
9.21      0.99963   
9.23      0.99765   
9.25      0.99697   
9.27      0.99655   
9.29      0.99731   
9.31      0.99545   
9.33      0.99466   
9.35      0.996     
9.37      0.99605   
9.39      0.99588   
9.41      0.99544   
9.43      0.99527   
9.45      0.99266   
9.47      0.99235   
9.49      0.9927    
9.51      0.99165   
9.53      0.99337   
9.55      0.9924    
9.57      0.99132   
9.59      0.99055   
9.61      0.98967   
9.63      0.99065   
9.65      0.99038   
9.67      0.98905   
9.69      0.98999   
9.71      0.98949   
9.73      0.98967   
9.75      0.98859   
9.77      0.98857   
9.79      0.98954   
9.81      0.99049   
9.83      0.98779   
9.85      0.98859   
9.87      0.98819   
9.89      0.98935   
9.91      0.9892    
9.93      0.98929   
9.95      0.98939   
9.97      0.99102   
9.99      0.99015   

